(1565689042000,Functions
0:  A: 1569741360  B: 516548029
1:  A: 1302116447  B: 1368843515
2:  A: 663681053  B: 1182054491
3:  A: 251269761  B: 1283218719
4:  A: 715581077  B: 542832677
734334 | 699049 | 68007 | 214575 | 61 | 1017889 | 133398 | 303788 | 5756 | 528779 | 
564431 | 314867 | 937583 | 39495 | 78 | 565073 | 211234 | 1002654 | 70220 | 1 | 
347747 | 652067 | 3 | 286873 | 397759 | 336636 | 780157 | 15689 | 816297 | 72408 | 
369650 | 398485 | 70217 | 0 | 0 | 336635 | 801070 | 730086 | 528889 | 470604 | 
330761 | 68024 | 648429 | 211062 | 136350 | 534378 | 830136 | 2011 | 536109 | 408376 | 
Elements processed: 3705636
0, 1, 2, 3, 4, 5, 6, 7, 8, 9, 10, 11, 12, 13, 14, 15, 16, 17, 18, 19, 20, 21, 22, 23, 24, 25, 26, 
)
(1565689044000,Functions
0:  A: 1569741360  B: 516548029
1:  A: 1302116447  B: 1368843515
2:  A: 663681053  B: 1182054491
3:  A: 251269761  B: 1283218719
4:  A: 715581077  B: 542832677
2416944 | 2094308 | 204701 | 607912 | 128 | 2825535 | 373368 | 867048 | 16747 | 1501905 | 
1774950 | 888682 | 2661368 | 114984 | 155 | 1764811 | 605411 | 2887614 | 210620 | 1 | 
990968 | 1826888 | 5 | 833536 | 1307545 | 1109527 | 2274735 | 43633 | 2319206 | 202553 | 
1047189 | 1134938 | 210615 | 0 | 0 | 1109526 | 2275811 | 2058836 | 1674876 | 1396805 | 
933906 | 204728 | 2027315 | 606679 | 385550 | 1496552 | 2461385 | 5983 | 1476248 | 1310250 | 
Elements processed: 10908596
0, 1, 2, 3, 4, 5, 6, 7, 8, 9, 10, 11, 12, 13, 14, 15, 16, 17, 18, 19, 20, 21, 22, 23, 24, 25, 26, 
)
